10   1.337802e-06
11   3.177724e-04
12   1.657705e-02
13   3.302285e-01
14   3.509935e+00
15   2.178641e+01
16   9.005567e+01
17   2.768630e+02
18   6.812763e+02
19   1.398478e+03
20   2.525515e+03
21   4.117960e+03
22   6.132367e+03
23   8.578536e+03
24   1.138046e+04
25   1.439409e+04
26   1.749697e+04
27   2.061055e+04
28   2.383597e+04
29   2.687988e+04
30   2.958827e+04
31   3.224852e+04
32   3.463245e+04
33   3.668696e+04
34   3.868686e+04
35   4.033862e+04
36   4.144614e+04
37   4.268810e+04
38   4.393855e+04
39   4.445333e+04
40   4.477422e+04
41   4.513288e+04
42   4.513091e+04
43   4.519744e+04
44   4.524468e+04
45   4.515189e+04
46   4.477478e+04
47   4.422008e+04
48   4.394538e+04
49   4.360222e+04
50   4.293551e+04
51   4.216479e+04
52   4.160028e+04
53   4.104855e+04
54   4.026550e+04
55   3.950942e+04
56   3.902095e+04
57   3.841751e+04
58   5.451105e+04
59   8.507234e+04
60   6.724568e+04
61   3.639293e+04
62   3.563962e+04
63   3.334650e+04
64   3.252882e+04
65   3.157789e+04
66   3.085216e+04
67   4.184071e+04
68   4.111950e+04
69   3.121544e+04
70   2.785428e+04
71   2.224651e+04
72   2.171009e+04
73   2.112546e+04
74   2.070527e+04
75   2.023531e+04
76   1.979451e+04
77   1.917541e+04
78   1.863908e+04
79   1.834341e+04
80   1.793188e+04
81   1.733487e+04
82   1.671025e+04
83   1.619894e+04
84   1.575642e+04
85   1.533392e+04
86   1.495336e+04
87   1.440085e+04
88   1.409985e+04
89   1.371147e+04
90   1.313623e+04
91   1.267216e+04
92   1.192273e+04
93   1.146393e+04
94   1.130760e+04
95   1.085130e+04
96   1.039830e+04
97   9.947662e+03
98   9.363222e+03
99   8.883749e+03
100   8.452774e+03
101   8.063263e+03
102   7.680617e+03
103   7.135640e+03
104   6.735275e+03
105   6.413336e+03
106   5.997503e+03
107   5.595139e+03
108   5.089956e+03
109   4.662801e+03
110   4.188409e+03
111   3.755918e+03
112   3.416223e+03
113   2.966149e+03
114   2.597393e+03
115   2.214311e+03
116   1.761604e+03
117   1.366018e+03
118   9.474858e+02
119   4.846882e+02
120   0
121   0
122   0
123   0
124   0
125   0
126   0
127   0
128   0
129   0
130   0
131   0
132   0
133   0
134   0
135   0
136   0
137   0
138   0
139   0
140   0